"IUID","year","draw_0","draw_1","draw_2","draw_3","draw_4","draw_5","draw_6","draw_7","draw_8","draw_9","draw_10","draw_11","draw_12","draw_13","draw_14","draw_15","draw_16","draw_17","draw_18","draw_19","draw_20","draw_21","draw_22","draw_23","draw_24","draw_25","draw_26","draw_27","draw_28","draw_29","draw_30","draw_31","draw_32","draw_33","draw_34","draw_35","draw_36","draw_37","draw_38","draw_39","draw_40","draw_41","draw_42","draw_43","draw_44","draw_45","draw_46","draw_47","draw_48","draw_49","draw_50","draw_51","draw_52","draw_53","draw_54","draw_55","draw_56","draw_57","draw_58","draw_59","draw_60","draw_61","draw_62","draw_63","draw_64","draw_65","draw_66","draw_67","draw_68","draw_69","draw_70","draw_71","draw_72","draw_73","draw_74","draw_75","draw_76","draw_77","draw_78","draw_79","draw_80","draw_81","draw_82","draw_83","draw_84","draw_85","draw_86","draw_87","draw_88","draw_89","draw_90","draw_91","draw_92","draw_93","draw_94","draw_95","draw_96","draw_97","draw_98","draw_99","draw_100","draw_101","draw_102","draw_103","draw_104","draw_105","draw_106","draw_107","draw_108","draw_109","draw_110","draw_111","draw_112","draw_113","draw_114","draw_115","draw_116","draw_117","draw_118","draw_119","draw_120","draw_121","draw_122","draw_123","draw_124","draw_125","draw_126","draw_127","draw_128","draw_129","draw_130","draw_131","draw_132","draw_133","draw_134","draw_135","draw_136","draw_137","draw_138","draw_139","draw_140","draw_141","draw_142","draw_143","draw_144","draw_145","draw_146","draw_147","draw_148","draw_149","draw_150","draw_151","draw_152","draw_153","draw_154","draw_155","draw_156","draw_157","draw_158","draw_159","draw_160","draw_161","draw_162","draw_163","draw_164","draw_165","draw_166","draw_167","draw_168","draw_169","draw_170","draw_171","draw_172","draw_173","draw_174","draw_175","draw_176","draw_177","draw_178","draw_179","draw_180","draw_181","draw_182","draw_183","draw_184","draw_185","draw_186","draw_187","draw_188","draw_189","draw_190","draw_191","draw_192","draw_193","draw_194","draw_195","draw_196","draw_197","draw_198","draw_199"
"NGA36502","2000","0.00259355","0.0103131","0.00483811","0.00740192","0.00594796","0.00822737","0.00634328","0.00522193","0.00633147","0.00997046","0.0026003","0.00519673","0.00481838","0.0103589","0.00409683","0.0137495","0.00965108","0.0116018","0.00633619","0.00560119","0.0037092","0.00560538","0.00896861","0.00779799","0.00969426","0.00927988","0.00560957","0.00736648","0.00845277","0.00517751","0.0177492","0.00517369","0.0115327","0.00806747","0.00223881","0.00520253","0.00481125","0.00445434","0.00669145","0.0232472","0.0070059","0.0125237","0.0106972","0.00409074","0.00516415","0.01","0.0059546","0.00407861","0.00664452","0.0136582","0.0021978","0.0018615","0.0115801","0.00480769","0.00298174","0.00636704","0.0104361","0.00748783","0.0117647","0.00258017","0.00667656","0.00222552","0.00665927","0.00988649","0.00966902","0.00560957","0.015544","0.0103055","0.00715092","0.00822737","0.00593032","0.0107967","0.00260223","0.0125184","0.0318283","0.0142109","0.00962606","0.00406955","0.010026","0.00821202","0.00564122","0.00748223","0.012696","0.00557207","0.00481838","0.00592373","0.00111732","0.0074184","0.00673401","0.00628234","0.0107209","0.00781832","0.00223297","0.00634565","0.00903274","0.00596792","0.00409074","0.0115113","0.0045045","0.0052064","0.00219941","0.0103283","0.00937383","0.00812108","0.00924556","0.00669892","0.0247506","0.00222635","0.00558036","0.00629164","0.0186776","0.0140637","0.0126253","0.00747943","0.011107","0.00521415","0.00556793","0.00860456","0.00296736","0.0157303","0.00844347","0.00780089","0.00823662","0.00624082","0.00111982","0.00554529","0.0118606","0.000738552","0.010026","0.00516605","0.0088659","0.0191083","0.00410601","0.0169492","0.00184911","0.0111359","0.00519673","0.00413845","0.00890538","0.00448766","0.0229375","0.00222387","0.00443459","0.00736106","0.00260126","0.0296956","0.0239252","0.0104205","0.00257732","0.00554529","0.0074239","0.0156192","0.00410448","0.00886918","0.011418","0.00639338","0.00521027","0.00336574","0.00591279","0.00627538","0.00633855","0.00738552","0.00596792","0.00558451","0.0111359","0.0097269","0.00551673","0.00782998","0.00374813","0.00667904","0.000371058","0.00370233","0.00407558","0.00593032","0.00186289","0.0099889","0.00922509","0.00849022","0.0066642","0.0114518","0.00261584","0.00701884","0.00890208","0.00331736","0.00662252","0.00783582","0.00294985","0.0100037","0.00900563","0.00479528","0.00662739","0.0136683","0.00336952","0.00894855","0.00332717","0.00599925","0.0142269","0.00631266","0.00855019","0.00662983"
"NGA36502","2001","0.00298174","0.00966902","0.00563275","0.0073692","0.00560119","0.00823045","0.0063599","0.00559493","0.00599251","0.00922169","0.00261292","0.00522778","0.00592812","0.0107011","0.00486891","0.0107368","0.00998152","0.012715","0.00670141","0.00524541","0.00372439","0.00640784","0.0078125","0.0078125","0.00967262","0.00855973","0.00523756","0.00775194","0.008428","0.00597684","0.0162571","0.00555761","0.013153","0.00847145","0.00224635","0.00483271","0.00521999","0.00483991","0.00674663","0.0204082","0.00701625","0.0128496","0.0099631","0.00370096","0.00591497","0.0115028","0.00558036","0.00370782","0.00519866","0.0151627","0.00183554","0.00222469","0.0111982","0.00483631","0.00411523","0.00633855","0.00938438","0.00743771","0.0124405","0.00296187","0.00668151","0.00259837","0.0059546","0.00884956","0.00860778","0.00524934","0.0145468","0.0100037","0.00713481","0.00891862","0.00594575","0.0104089","0.00261097","0.0117259","0.0344572","0.0124341","0.0100186","0.00335071","0.0110824","0.00971236","0.00562852","0.00671642","0.0123272","0.00482554","0.00482375","0.00595681","0.00186567","0.00819672","0.00675169","0.0062963","0.0111152","0.00820589","0.00222222","0.00675929","0.00833333","0.00559284","0.00486163","0.0130597","0.00446595","0.00522778","0.00185185","0.0103359","0.00862069","0.00777202","0.00965108","0.00672143","0.0225508","0.00224719","0.00553506","0.00670141","0.0179641","0.0126724","0.0122814","0.00672143","0.0119048","0.00449438","0.00477766","0.00940557","0.00334448","0.0153616","0.00849649","0.00970149","0.00743218","0.00778643","0.000376364","0.00523364","0.0104167","0.000739098","0.0111317","0.00519288","0.00894188","0.0187056","0.00334697","0.014771","0.00186289","0.0111317","0.00521804","0.00447094","0.00890869","0.00412294","0.0220561","0.00222883","0.00482196","0.00742666","0.00260708","0.0289425","0.0253353","0.00969064","0.00294877","0.00555556","0.00744602","0.0172414","0.00411523","0.00965466","0.0122404","0.00639579","0.00485437","0.00337205","0.00630798","0.0066568","0.00665927","0.00667904","0.00600601","0.00557414","0.0119537","0.00899888","0.00555967","0.00868908","0.00373692","0.00635039","0.000372024","0.00409378","0.00370782","0.00599475","0.00186706","0.0100148","0.00925241","0.00891862","0.00590842","0.0107051","0.0026296","0.0077548","0.00777202","0.00297066","0.00701107","0.00787402","0.00258112","0.0103627","0.00863363","0.00593912","0.00811808","0.0136834","0.00299177","0.010026","0.0033532","0.00601278","0.0134882","0.00590842","0.0074184","0.00660793"
"NGA36502","2002","0.00261097","0.0103973","0.00525328","0.00783582","0.00521804","0.00824279","0.00634328","0.00373972","0.00563063","0.00921489","0.00301432","0.00525526","0.00634565","0.0117994","0.00410908","0.0115801","0.00970511","0.0139202","0.00557828","0.00484713","0.00411985","0.00643939","0.00746269","0.00668648","0.0104556","0.00787992","0.00490196","0.0074239","0.00844347","0.00524934","0.0138681","0.00592812","0.0131086","0.00846834","0.0018622","0.00519866","0.00485437","0.00483991","0.00710812","0.0208877","0.00704225","0.013626","0.00971236","0.00370096","0.00593032","0.0107687","0.00677456","0.00371058","0.00485981","0.0148644","0.00184366","0.00186846","0.0115585","0.00485075","0.00489458","0.00633383","0.00939496","0.0063197","0.0135333","0.00299963","0.00638378","0.00372301","0.00601278","0.00889878","0.00747664","0.00448934","0.0142536","0.0104205","0.00832387","0.00893522","0.00526316","0.0100822","0.00261194","0.0117474","0.03429","0.0136054","0.0111773","0.00487805","0.0107767","0.0105105","0.0060241","0.00674663","0.0119626","0.00372301","0.00557621","0.00483451","0.00149533","0.00871212","0.00752445","0.0059657","0.0106814","0.00750469","0.0018457","0.00675929","0.00758725","0.00632911","0.00487074","0.0130402","0.00445765","0.00446761","0.00261584","0.0107169","0.00758438","0.00965825","0.0093668","0.00777778","0.0208411","0.00186706","0.00481481","0.00631266","0.0213803","0.0117513","0.0107447","0.00714286","0.0115456","0.00339495","0.00514139","0.00865312","0.00299065","0.0162755","0.00853116","0.00979653","0.00824588","0.00750188","0","0.0055991","0.0108941","0.000740741","0.00965108","0.00372301","0.00782998","0.0164856","0.00298619","0.0145522","0.00149477","0.0115585","0.00483631","0.00410142","0.0093423","0.00413223","0.0225479","0.00223131","0.00482375","0.00815721","0.00261292","0.0275605","0.0248609","0.00972326","0.00334448","0.00409074","0.00851536","0.0171642","0.00449438","0.0111566","0.0119403","0.0060241","0.00485981","0.00414781","0.0055991","0.00703183","0.00634328","0.00707108","0.00527903","0.00518519","0.0127246","0.00821815","0.00557828","0.0090978","0.00446761","0.00750188","0.000372578","0.00337711","0.00371609","0.00527903","0.00187196","0.00963677","0.00853116","0.00966543","0.00628234","0.0103093","0.00301318","0.00746547","0.00634092","0.00298285","0.0074239","0.00833018","0.00256881","0.0119492","0.00711078","0.00784753","0.00778066","0.0137598","0.00301318","0.00933184","0.00336323","0.00598355","0.0146396","0.00553097","0.00706582","0.00661521"
"NGA36502","2003","0.00262369","0.0116323","0.00488355","0.00827379","0.00485618","0.00787992","0.00711344","0.00449438","0.00488355","0.00929023","0.0026475","0.00601278","0.00715092","0.0110947","0.00412758","0.0122951","0.0100897","0.0136467","0.00560538","0.00484352","0.00490381","0.00685976","0.00858209","0.00745434","0.0108128","0.00600601","0.00529101","0.00700848","0.00960828","0.00413223","0.0138421","0.00594796","0.0135186","0.00772911","0.00186012","0.00633855","0.00559284","0.00411677","0.00750469","0.0205607","0.00711877","0.0135798","0.00981873","0.00408922","0.00520446","0.010483","0.00717523","0.00371058","0.00561587","0.0142109","0.00185048","0.00149309","0.0115931","0.00415408","0.00491308","0.00638138","0.00863363","0.00745156","0.0128488","0.00302916","0.00604002","0.00412294","0.00602183","0.0074184","0.00638138","0.00490566","0.0138889","0.0105105","0.00757289","0.00818452","0.00567322","0.00933881","0.0026178","0.0128582","0.034354","0.0132576","0.0115715","0.00413068","0.0115028","0.00937031","0.005997","0.00674663","0.0120482","0.00372995","0.00447594","0.00410142","0.0015015","0.00836502","0.00715901","0.00558036","0.0111111","0.00792752","0.00222469","0.00719152","0.00753012","0.00744048","0.00672646","0.012696","0.00372301","0.00446263","0.00298174","0.0100935","0.00762777","0.0101351","0.00934929","0.00778932","0.0214851","0.00224972","0.00484713","0.00635039","0.0203313","0.0116937","0.011169","0.00748503","0.0122631","0.00414313","0.0051395","0.00902256","0.00224803","0.0162509","0.00896526","0.0101657","0.0075188","0.0071161","0.000373692","0.00446429","0.0120846","0.000746547","0.0104322","0.00372301","0.00710015","0.0164732","0.00335821","0.0141738","0.00149421","0.00938791","0.00409683","0.00447261","0.00939144","0.0045062","0.0198576","0.00224635","0.00486163","0.00818452","0.0026296","0.0287421","0.0267459","0.0104673","0.00409683","0.00409531","0.00820283","0.0171898","0.00447761","0.0119181","0.0117692","0.00570342","0.00451807","0.00376506","0.0060015","0.00743494","0.00674663","0.00633619","0.00525723","0.00593252","0.0124014","0.0079096","0.00483451","0.00911162","0.00447761","0.00753012","0","0.003386","0.00412139","0.00722708","0.00187126","0.0103781","0.00894521","0.00932836","0.00595238","0.00929714","0.00226501","0.00676183","0.00751033","0.00263356","0.00780669","0.00835866","0.0014733","0.010566","0.00708427","0.00859492","0.00785634","0.0126253","0.00300865","0.00749906","0.00337584","0.00523952","0.0139098","0.00516034","0.00631266","0.00517369"
"NGA36502","2004","0.00225479","0.0105461","0.00451128","0.00752162","0.00483631","0.0075358","0.00643208","0.00528103","0.00487805","0.00892857","0.00227964","0.00602637","0.00831444","0.0119048","0.00376364","0.0108655","0.00939144","0.0142696","0.00563063","0.00409683","0.0060906","0.00722983","0.00860778","0.00671892","0.0104244","0.00604002","0.00532319","0.00662983","0.0100372","0.00413534","0.0135186","0.00634802","0.013806","0.00778643","0.00186428","0.00636228","0.00561167","0.00413378","0.00748503","0.0186498","0.00750751","0.0135135","0.00980392","0.00448598","0.00520059","0.00932488","0.00754148","0.00373552","0.00635277","0.0143018","0.00185391","0.00111982","0.0112613","0.00455581","0.00492238","0.00673149","0.00864337","0.00783582","0.0115113","0.00344432","0.00715361","0.0037594","0.00489642","0.00599925","0.00747943","0.00530504","0.0147337","0.00901917","0.00786812","0.00749906","0.00492798","0.00821202","0.00224299","0.0113971","0.0310396","0.0124669","0.0104634","0.00414625","0.0115585","0.0093668","0.00563486","0.0079096","0.0123688","0.00338219","0.00484894","0.00523364","0.0015083","0.00840657","0.00641026","0.00561587","0.0111524","0.00755002","0.00223881","0.00679502","0.00789177","0.0074599","0.00787992","0.0138473","0.00300978","0.00560119","0.0029873","0.00900563","0.00796359","0.00948047","0.0101199","0.00858529","0.0220868","0.00262566","0.00447761","0.0060241","0.0205245","0.0117558","0.0100746","0.00714286","0.0130743","0.00453001","0.00440529","0.00899213","0.00264151","0.0163312","0.00896861","0.0105621","0.00864662","0.0075358","0","0.00489642","0.0113422","0.000749625","0.0108533","0.00336323","0.00787992","0.0164794","0.00373692","0.0131234","0.00149254","0.00940557","0.004858","0.00486709","0.00869565","0.00450281","0.0191083","0.00297841","0.00489458","0.00973054","0.00302001","0.0250655","0.0297216","0.0108736","0.00450958","0.00446595","0.00855337","0.016369","0.00490937","0.012012","0.0110645","0.00759878","0.00453172","0.00379075","0.00565398","0.00710812","0.00675676","0.00678222","0.00414938","0.00594575","0.0120482","0.00829876","0.00485437","0.00877528","0.00447261","0.00715901","0","0.00301432","0.00416036","0.00683631","0.00112909","0.0100372","0.00970149","0.00861423","0.00523364","0.00932836","0.0026435","0.00680529","0.00565185","0.0030303","0.00788584","0.0091359","0.00184434","0.0117558","0.00636228","0.00791855","0.00830816","0.0133829","0.00263158","0.00789474","0.00301432","0.00450789","0.0139623","0.00483631","0.00635277","0.00520446"
"NGA36502","2005","0.00226672","0.0116454","0.00376506","0.00750188","0.00484532","0.00757289","0.00642479","0.00453001","0.00491493","0.00785928","0.00189179","0.00566465","0.00793051","0.0116454","0.00372856","0.010566","0.010483","0.013957","0.005997","0.00410142","0.00612557","0.00681818","0.00865964","0.00755002","0.0119269","0.00454545","0.00455063","0.0081663","0.00935979","0.00528103","0.0131381","0.00598355","0.0134529","0.00785634","0.00186498","0.00602637","0.00558243","0.00491122","0.00788288","0.0191226","0.00794552","0.0127772","0.00902256","0.00413845","0.00522583","0.00855973","0.00795756","0.00336323","0.00753012","0.0136209","0.00148976","0.00112697","0.0113636","0.00381825","0.0045489","0.00748503","0.00937383","0.00714823","0.0108169","0.003443","0.00757863","0.00337838","0.00564546","0.00487988","0.0063742","0.00490937","0.0143505","0.00866616","0.0086629","0.00712411","0.00533537","0.00826757","0.00263158","0.0114518","0.0298954","0.0120482","0.0115672","0.00568182","0.0115931","0.00898204","0.00485437","0.00755287","0.0105145","0.00338855","0.00484352","0.00524738","0.00150943","0.00832073","0.00639338","0.00601504","0.00969787","0.00754148","0.00187688","0.00641509","0.00787106","0.00787992","0.00935279","0.0116105","0.00301432","0.00565398","0.00260611","0.00830502","0.0082925","0.00909435","0.00904295","0.00824897","0.0224676","0.00227618","0.00487074","0.00759878","0.0207704","0.0110182","0.00977076","0.00640784","0.0142589","0.00492424","0.00442478","0.00857889","0.00265856","0.0175238","0.0101124","0.0109393","0.00943752","0.00674916","0","0.00565824","0.0118005","0.00075358","0.0112782","0.0026296","0.00675422","0.01693","0.00374251","0.012519","0.00151057","0.00941265","0.00448934","0.00412139","0.00910125","0.00488538","0.0189873","0.00408163","0.0060241","0.0109105","0.00301205","0.0247469","0.0312735","0.0115975","0.00452318","0.00447261","0.0074184","0.0157068","0.00492424","0.0108777","0.0103132","0.00794852","0.00528501","0.00380952","0.00565611","0.0075358","0.00711078","0.00646142","0.00488906","0.005997","0.0116805","0.0090566","0.00451297","0.00950209","0.00410601","0.00678222","0","0.0026475","0.00414001","0.00612089","0.00151114","0.0110947","0.0100897","0.0082769","0.00563275","0.00938438","0.00225564","0.00757863","0.00563486","0.0030326","0.00712144","0.00984476","0.00148368","0.010598","0.00675422","0.00720243","0.00798479","0.0119716","0.00263852","0.00788584","0.00302115","0.00417299","0.0140045","0.0052356","0.00677711","0.00522388"
"NGA36502","2006","0.00227101","0.0104517","0.00376364","0.00830816","0.00448263","0.00791557","0.00609292","0.00603774","0.00528103","0.00861423","0.00189036","0.00564972","0.0086858","0.0112655","0.0029985","0.00908747","0.0105541","0.0132526","0.00489274","0.00409989","0.00575153","0.00641994","0.00792453","0.00718065","0.0116761","0.00379219","0.0049505","0.00818452","0.00981132","0.00527704","0.0112528","0.00633147","0.0137957","0.0063599","0.00186567","0.00527307","0.00558867","0.00524345","0.00785928","0.0179038","0.00790663","0.0138214","0.00752729","0.00492051","0.00484894","0.00750469","0.0087386","0.0037594","0.00712411","0.0125047","0.00185805","0.00113636","0.0121998","0.00381098","0.00452318","0.0082243","0.00929368","0.00681818","0.0112486","0.00341426","0.00685453","0.00377358","0.00564759","0.00337205","0.00637899","0.00453343","0.0135084","0.00759013","0.00753296","0.00598802","0.00531108","0.00788288","0.00227704","0.0122677","0.0284644","0.0123457","0.0127103","0.00567108","0.0108209","0.00747943","0.00485618","0.00751315","0.00974878","0.00338728","0.00410448","0.00523952","0.000754717","0.00795455","0.00673401","0.0064006","0.00972326","0.00788881","0.00225225","0.0063599","0.00708691","0.00899213","0.0097269","0.0123318","0.0026616","0.00526316","0.00297398","0.00792154","0.00716981","0.0094697","0.00900563","0.00865964","0.0202445","0.00226074","0.00451637","0.00643208","0.0211321","0.00982987","0.00938438","0.00763359","0.0150546","0.00489458","0.00295421","0.00783875","0.00265957","0.016356","0.011215","0.0105541","0.00907716","0.00713481","0","0.00525131","0.0106383","0.000378358","0.011274","0.00262369","0.00713749","0.0172932","0.00449775","0.0133946","0.0015083","0.00870882","0.00486709","0.00373972","0.0102584","0.00450958","0.0178439","0.00410754","0.00598578","0.0101466","0.00301773","0.0232995","0.031746","0.0108209","0.00452489","0.00487256","0.0081663","0.0138993","0.00489458","0.0112952","0.0102623","0.00865964","0.00529902","0.00381243","0.00678477","0.00823045","0.00634802","0.00643452","0.00488722","0.00639338","0.0109682","0.0102623","0.00451297","0.00987842","0.00409378","0.00676183","0","0.0026475","0.00451128","0.00610687","0.00226586","0.00960828","0.0105263","0.00757289","0.00530303","0.00978179","0.00224888","0.00682077","0.00450281","0.00264951","0.00826446","0.010586","0.00222222","0.0113938","0.00676183","0.00907029","0.00725191","0.011994","0.0030326","0.0067441","0.00337079","0.00415879","0.0140311","0.0056243","0.00678477","0.00413689"
"NGA36502","2007","0.00302229","0.0101199","0.00415879","0.00785047","0.00519481","0.00749344","0.00612323","0.00680787","0.00529101","0.00718336","0.00226415","0.00529301","0.00828625","0.012135","0.00336072","0.00828625","0.0104205","0.0144213","0.00491493","0.00451467","0.00611387","0.00641509","0.00829563","0.00796662","0.010566","0.00226501","0.00454373","0.00821509","0.00986343","0.0056391","0.0135747","0.00671141","0.0131037","0.00673653","0.00224131","0.00529501","0.00556586","0.00521804","0.00868252","0.0183934","0.0079096","0.0141369","0.00715361","0.00568397","0.00412448","0.0082769","0.00830502","0.00263653","0.0070975","0.0148176","0.00185805","0.00151573","0.0110856","0.00265756","0.00414001","0.00902256","0.00783582","0.00681818","0.010574","0.00378788","0.00718065","0.00377074","0.00638858","0.00223547","0.00525131","0.00455235","0.0119225","0.00867925","0.00749906","0.00602183","0.00529501","0.00862392","0.00189036","0.0131976","0.0281109","0.0108818","0.0127055","0.00640543","0.0119403","0.00822123","0.00484532","0.0063599","0.0101466","0.00378931","0.00449607","0.00489458","0.00112782","0.00786812","0.00672897","0.00637181","0.00866943","0.00859492","0.00263356","0.00562219","0.0063244","0.00938086","0.0112655","0.0116717","0.00342075","0.00488722","0.00297619","0.00871542","0.00864662","0.00871873","0.00892857","0.0063742","0.0170908","0.0030349","0.00416509","0.00681818","0.020362","0.00974148","0.00865964","0.00721063","0.0150546","0.00557828","0.00295639","0.00708955","0.00264951","0.0162264","0.0100859","0.0109475","0.00870223","0.00713481","0","0.00567108","0.0106464","0.000377644","0.0134529","0.00261878","0.0064006","0.0169683","0.00413223","0.0144377","0.00150376","0.00791855","0.00487439","0.00337965","0.0105263","0.00414313","0.0193093","0.00374392","0.00601278","0.0109682","0.00300978","0.0229842","0.0344697","0.0108169","0.00452148","0.00483991","0.00860456","0.0147003","0.00451297","0.0093985","0.00983359","0.00870223","0.0060698","0.00342596","0.00751597","0.00867597","0.00670391","0.00641752","0.00449438","0.00607211","0.0102545","0.010235","0.00491679","0.00989722","0.00373413","0.00786517","0","0.00301318","0.00488171","0.00535373","0.00226244","0.00897532","0.00940557","0.0071888","0.00490937","0.00899888","0.00149198","0.00872203","0.00450113","0.00228484","0.0089955","0.0078534","0.00222883","0.0132075","0.0075358","0.00754432","0.00795756","0.0100859","0.00225904","0.00636228","0.00262467","0.00415408","0.0167173","0.00563698","0.00600826","0.00377216"
"NGA36502","2008","0.00339623","0.00971599","0.00416983","0.00784167","0.00518327","0.00675929","0.00572519","0.00791258","0.00526514","0.00713749","0.00225989","0.00490196","0.00711078","0.0125237","0.00298285","0.00793351","0.0111524","0.0135798","0.00416194","0.00337205","0.00529101","0.00563698","0.00983731","0.00833649","0.00946611","0.00225989","0.00415094","0.00860135","0.010578","0.00601504","0.011236","0.00635752","0.0138733","0.00675676","0.00300978","0.00531713","0.00595238","0.00561798","0.00788288","0.01693","0.00827068","0.0133829","0.00639819","0.00569909","0.00301318","0.00896861","0.00826446","0.00263952","0.00635514","0.0136622","0.00187056","0.00151515","0.0114025","0.00262172","0.00375657","0.00862716","0.00864987","0.00721336","0.00984476","0.00377358","0.00757002","0.00337965","0.00490751","0.00187547","0.0060015","0.00453001","0.0126488","0.00830189","0.00677201","0.00643208","0.00567537","0.00830189","0.00227704","0.0129179","0.0284325","0.011236","0.012715","0.00677711","0.0123967","0.00747384","0.00489274","0.00632911","0.0101086","0.00381825","0.00451128","0.00530504","0.000378501","0.00860778","0.00709485","0.00673905","0.010158","0.00854701","0.00263653","0.00562008","0.00561798","0.0104908","0.0127772","0.01089","0.0026465","0.00676183","0.00334572","0.00680787","0.00819978","0.00789771","0.00820283","0.00675929","0.0165351","0.00303951","0.00452489","0.00603774","0.0200834","0.0108411","0.00900563","0.00836502","0.0155068","0.00519481","0.003342","0.00672897","0.00302001","0.0177091","0.0100521","0.010989","0.00869565","0.00676692","0","0.00527903","0.00912895","0.000374672","0.0131332","0.00300526","0.0071888","0.0151688","0.00412603","0.0125332","0.00150602","0.00753012","0.00527506","0.00336323","0.0101657","0.00376648","0.0174981","0.00412603","0.0071161","0.0101618","0.00299513","0.0240783","0.0328302","0.0104634","0.00564759","0.00488906","0.00821509","0.0139517","0.00452489","0.0105263","0.0100746","0.00978179","0.00751315","0.00302572","0.0071161","0.00941974","0.00563698","0.00530705","0.00486527","0.00756716","0.0106952","0.0105581","0.00494673","0.00998081","0.00371609","0.00751315","0","0.00301205","0.00450281","0.00493359","0.00225819","0.00982615","0.0090978","0.00680529","0.00606061","0.00830502","0.00149254","0.0083113","0.00337838","0.00228311","0.0101389","0.00823353","0.00224048","0.0116192","0.00680272","0.00682853","0.00829876","0.0097269","0.00264951","0.00784167","0.00225225","0.00379939","0.0166038","0.00600375","0.00567322","0.00300865"
"NGA36502","2009","0.00376364","0.00822123","0.00379795","0.00783875","0.00557","0.00749906","0.00527307","0.00707108","0.00642236","0.00870223","0.00225734","0.00565398","0.00712411","0.0131976","0.0029773","0.00755287","0.0111524","0.0143505","0.00413845","0.00375094","0.00486527","0.00677201","0.0095057","0.00792752","0.00982244","0.00151286","0.00411215","0.00937031","0.0109351","0.00673401","0.0115672","0.00637181","0.0123688","0.00747105","0.00301091","0.00607903","0.00594796","0.00524148","0.00755572","0.0172543","0.00827068","0.011194","0.00564546","0.00683371","0.00376648","0.00934929","0.00856611","0.0026296","0.00526316","0.0136106","0.0015015","0.00151745","0.0108777","0.00223714","0.00411831","0.00871873","0.00786812","0.00715901","0.0105263","0.00339495","0.00946611","0.00339623","0.00528302","0.00149031","0.00565824","0.0045062","0.0123088","0.00760167","0.00751315","0.00676946","0.00686499","0.00791557","0.00228397","0.0129721","0.0277674","0.0108696","0.0134579","0.00641509","0.0119225","0.00751033","0.00413845","0.00631501","0.0101618","0.00342335","0.00452318","0.00529101","0.000377501","0.00902595","0.00707372","0.00675169","0.01057","0.00895188","0.00225056","0.0056391","0.00597238","0.0105066","0.0131827","0.0105145","0.00262172","0.00641509","0.00298063","0.00678222","0.00896191","0.00826136","0.00858209","0.00604002","0.0149533","0.00152207","0.00454201","0.0064006","0.0192163","0.0107847","0.00787697","0.00763068","0.0154309","0.00558659","0.00336952","0.00712678","0.0030326","0.019137","0.00823662","0.0109807","0.00795756","0.00563275","0","0.0045045","0.00715901","0.000374813","0.0128012","0.00336826","0.00755858","0.0163997","0.00448766","0.0113766","0.00150432","0.00864337","0.00567322","0.00260708","0.0101389","0.00339239","0.0161351","0.00415565","0.00707899","0.0101427","0.00261682","0.0241509","0.0330703","0.0105342","0.00599251","0.0048909","0.00719152","0.01208","0.00413223","0.0105382","0.0104517","0.0101695","0.00789771","0.00302229","0.00786222","0.00824588","0.00487074","0.00528302","0.00522583","0.00755002","0.0103567","0.00975976","0.00494109","0.00918836","0.00373274","0.00676183","0","0.00377644","0.00336197","0.00534351","0.00225225","0.00908059","0.00835866","0.00607441","0.00567967","0.00940203","0.00186986","0.00908059","0.003003","0.00190042","0.0109023","0.00864012","0.00186081","0.0115975","0.00681044","0.00717252","0.00865312","0.011257","0.00302801","0.00748783","0.00187126","0.00378358","0.0143885","0.0059657","0.00526316","0.00337838"
"NGA36502","2010","0.00376648","0.00940203","0.00378358","0.00785047","0.005997","0.00750188","0.00528901","0.0078329","0.00677966","0.00794552","0.00263158","0.00599475","0.00749344","0.011641","0.003003","0.00787992","0.0111607","0.0142322","0.00415408","0.00375516","0.00413378","0.00674916","0.00903955","0.00824279","0.0079096","0.000751597","0.00337205","0.00974878","0.00979653","0.00634092","0.0104322","0.00560748","0.013468","0.00708163","0.0029985","0.00643208","0.00597684","0.00524934","0.00827068","0.015748","0.00859171","0.0112275","0.00566251","0.00718336","0.00449607","0.00937031","0.0089854","0.00339623","0.00558659","0.0138681","0.00225564","0.00151114","0.0100634","0.00223714","0.00373413","0.00980023","0.00788288","0.00708691","0.00943396","0.00300639","0.0101351","0.00416194","0.00566465","0.00150207","0.00605602","0.00488906","0.011976","0.00724638","0.00749906","0.00637899","0.00686237","0.00712144","0.00227187","0.0122277","0.0244729","0.011985","0.0119581","0.00678222","0.0112275","0.00680272","0.00451128","0.00560119","0.00977444","0.00419527","0.00524345","0.00416351","0.000376364","0.00984103","0.00777202","0.00672897","0.0116981","0.00932488","0.00223547","0.00559701","0.005997","0.0100746","0.0121075","0.010931","0.00262467","0.00641994","0.00337711","0.00710812","0.00900225","0.00826446","0.00749625","0.00604002","0.0149365","0.00226843","0.00377074","0.00564334","0.0180859","0.0111899","0.00745712","0.00833018","0.0154077","0.00482017","0.00339111","0.00640301","0.00340393","0.0188964","0.00826446","0.0109973","0.00835549","0.00601956","0","0.00414313","0.00753864","0.00037594","0.0120937","0.00373972","0.00642236","0.0164688","0.00374672","0.0105303","0.00261389","0.0086629","0.00569909","0.00263158","0.0101351","0.00377074","0.015873","0.00417933","0.00674157","0.0108209","0.0029985","0.0226415","0.03125","0.0108818","0.00673905","0.00489642","0.00797569","0.0121029","0.00376081","0.0094518","0.0123134","0.00976342","0.00678477","0.00339879","0.00712144","0.00860778","0.00563275","0.0052592","0.00563275","0.0071644","0.0103211","0.0109187","0.0060698","0.00911508","0.00335445","0.00669394","0","0.00413845","0.00336574","0.00453686","0.00188041","0.00914286","0.00682335","0.0053313","0.00526118","0.00828625","0.00187406","0.00909091","0.00263257","0.00228397","0.0109187","0.00900901","0.00187266","0.0108411","0.00645897","0.00639579","0.00860135","0.0108411","0.00301659","0.00672897","0.00150038","0.00376223","0.0136726","0.00557828","0.00599475","0.00263952"
"NGA36502","2011","0.00414313","0.00946611","0.00413534","0.00781832","0.00594796","0.0071161","0.00563275","0.00744602","0.00717523","0.00755572","0.00337079","0.00673149","0.00820283","0.0116279","0.00337205","0.00749344","0.00932488","0.013468","0.00528103","0.00377216","0.0037594","0.00599925","0.0101618","0.00711877","0.00747105","0.00075358","0.00447761","0.00937383","0.00903955","0.00596792","0.0100709","0.0056243","0.013468","0.0086629","0.00262861","0.00639579","0.00556793","0.00488355","0.00789474","0.0161169","0.00712144","0.0120573","0.00640543","0.00714823","0.00524738","0.00977444","0.0093668","0.00301432","0.00483811","0.0128399","0.00226757","0.00187758","0.00970874","0.00222717","0.00409683","0.00872203","0.00789177","0.00744048","0.00908059","0.00339111","0.00939144","0.00416036","0.00528901","0.0011274","0.00681302","0.00486709","0.0108777","0.00647126","0.00791258","0.00638138","0.00688073","0.00561798","0.00263753","0.012987","0.0240783","0.0131777","0.0122951","0.00604915","0.0112402","0.00529101","0.00605602","0.00525723","0.00977444","0.0045977","0.00525723","0.0030349","0","0.0086629","0.00669145","0.00707635","0.0109146","0.0100784","0.00185529","0.00563063","0.0060173","0.00971963","0.0143396","0.0102002","0.0026178","0.00641509","0.00299289","0.00861101","0.00864987","0.00870882","0.00752729","0.00601052","0.0129967","0.00189179","0.00416351","0.00488722","0.0169428","0.0123364","0.00784753","0.00785928","0.0157598","0.00525328","0.00378358","0.00603774","0.0030326","0.017039","0.00751033","0.0102467","0.00873197","0.00525131","0","0.00488906","0.00714017","0.00037679","0.0116629","0.003386","0.00678477","0.0149597","0.00375799","0.0115672","0.00224888","0.00938791","0.00568397","0.00263356","0.00976342","0.00375657","0.0143505","0.00417616","0.00712946","0.0108048","0.00299963","0.022531","0.0289691","0.0117025","0.00713213","0.00487256","0.00799391","0.0119985","0.00374813","0.00941265","0.0131283","0.00943396","0.00716711","0.00339879","0.0075358","0.00860778","0.00645161","0.00528901","0.00599027","0.00678222","0.0106423","0.0104673","0.0060675","0.0090978","0.003367","0.00744325","0","0.00449607","0.00335196","0.00492424","0.00225819","0.0087519","0.00759301","0.00564759","0.00636228","0.00827068","0.00188253","0.00947688","0.00301887","0.00227704","0.0117069","0.00786517","0.00187617","0.0104634","0.00643696","0.00564334","0.00966184","0.00858529","0.00340008","0.00600601","0.00188253","0.00414938","0.0129228","0.00593912","0.00631735","0.00337584"
"NGA36502","2012","0.00455063","0.00790068","0.00338219","0.00745434","0.00708955","0.00785634","0.00560748","0.00782998","0.00642236","0.00677201","0.00374813","0.00670141","0.00746547","0.0112233","0.00452489","0.00675676","0.0108655","0.0137088","0.00566038","0.00338728","0.00376223","0.00599251","0.00937734","0.00708163","0.00861746","0.000748223","0.00410754","0.00902935","0.00862716","0.00565185","0.00929714","0.00563486","0.013463","0.00911162","0.00301205","0.00747943","0.00559493","0.00490751","0.00672897","0.0159851","0.00670641","0.0123781","0.00714017","0.00565824","0.00522583","0.0112317","0.0063742","0.00300865","0.00558036","0.0135491","0.00226415","0.00150716","0.00860135","0.00297398","0.00410908","0.00907372","0.00672394","0.00708691","0.00793051","0.003386","0.00752445","0.00341556","0.00529902","0.00151286","0.00679502","0.00485075","0.0116981","0.00649351","0.00788288","0.00673149","0.00684932","0.00563275","0.00188537","0.0121488","0.0236575","0.0109682","0.0115499","0.0079096","0.0101124","0.00527506","0.00567322","0.0056391","0.0101427","0.00379507","0.00487622","0.00264051","0.000752162","0.00908059","0.00742115","0.00669145","0.0112697","0.0101199","0.00223131","0.00529101","0.00562852","0.00820589","0.0138837","0.0109269","0.00225056","0.00645406","0.00335196","0.00786517","0.00897868","0.00871212","0.00755002","0.00678477","0.0130841","0.00226843","0.0037679","0.00490566","0.0179641","0.0127293","0.0078329","0.00863688","0.0138421","0.00414469","0.00416509","0.00641752","0.00227015","0.0163997","0.00678989","0.00899888","0.00907029","0.00484171","0","0.00486345","0.00673653","0.000374672","0.0113379","0.00376648","0.00677966","0.0137667","0.00376932","0.0119492","0.00298174","0.00975244","0.00527704","0.00337838","0.010566","0.00374251","0.0117291","0.00379795","0.00745712","0.0111111","0.00300752","0.0205915","0.0263059","0.0124575","0.00710812","0.00414938","0.00796662","0.0109146","0.00412758","0.00836184","0.0127055","0.0101887","0.00722159","0.00337205","0.00715092","0.00931446","0.00646142","0.00531309","0.00564546","0.00600375","0.00984848","0.0104595","0.00565824","0.00796359","0.00262271","0.00710546","0","0.00452489","0.00336574","0.00528501","0.00226586","0.00872534","0.00836184","0.00525328","0.0060173","0.00835866","0.00225649","0.00831444","0.00340651","0.0018875","0.0113507","0.00904636","0.00150602","0.00898204","0.00682335","0.00601052","0.00899213","0.00862716","0.00416036","0.0056243","0.00187899","0.00417141","0.0128837","0.00592812","0.00560748","0.00338346"
"NGA36502","2013","0.00416983","0.00751597","0.00337965","0.00819672","0.00636228","0.00818757","0.00523169","0.00670891","0.00641994","0.00641994","0.003386","0.00634328","0.00788584","0.0104948","0.00490011","0.00713749","0.0101275","0.013724","0.00607672","0.00341297","0.0041841","0.00564759","0.00977076","0.00669643","0.00784753","0.000373413","0.00446595","0.0094518","0.0102041","0.0048909","0.0101086","0.00563063","0.0138214","0.00951294","0.00337205","0.00632911","0.00522778","0.00524934","0.00601504","0.0160508","0.00703964","0.0123967","0.00678477","0.00562641","0.0052356","0.0109269","0.00675169","0.00375799","0.00485256","0.0128739","0.0026455","0.00151515","0.00859813","0.00335946","0.00375235","0.00977811","0.00744602","0.00670641","0.0086727","0.00263455","0.00755002","0.00338092","0.00605602","0.00150943","0.00678989","0.00450281","0.012135","0.00570994","0.00862716","0.00634802","0.00644183","0.00528701","0.00225734","0.0117114","0.0233522","0.0113293","0.0115199","0.00680272","0.0101275","0.0052592","0.00492798","0.00415251","0.010181","0.00377786","0.00483271","0.00374111","0.000374392","0.00754148","0.00820589","0.00710812","0.011257","0.0108128","0.00260223","0.00488906","0.00527903","0.0085693","0.0143126","0.00903614","0.00264151","0.00646142","0.00337965","0.00784167","0.00946611","0.0101887","0.00793651","0.00715361","0.0127676","0.00263158","0.00377644","0.00341297","0.0170877","0.0138473","0.00748783","0.00823353","0.0134378","0.00453001","0.00452489","0.00677711","0.00377501","0.0164625","0.0060652","0.00903274","0.00907372","0.00412758","0","0.00449102","0.00670141","0.000374392","0.01057","0.00452148","0.00713749","0.0114242","0.00338473","0.0130112","0.00260126","0.00896861","0.00522973","0.003386","0.0108859","0.00376223","0.0127868","0.00377929","0.00784753","0.0111359","0.00301887","0.0187406","0.0264251","0.01208","0.00672897","0.00488906","0.00838415","0.0101772","0.00449775","0.00837776","0.0131976","0.0109023","0.00647619","0.00372439","0.00639098","0.00896861","0.00607211","0.00566679","0.00640784","0.00602183","0.0101964","0.0108128","0.00563275","0.00826757","0.00301205","0.00706845","0","0.00377786","0.0033557","0.00491122","0.00188822","0.00717794","0.00833965","0.00640784","0.00598131","0.0082925","0.00225989","0.00793951","0.00263059","0.00300978","0.0109682","0.00753296","0.00150094","0.00978916","0.00566038","0.00524148","0.00828002","0.00939496","0.00376648","0.00671892","0.00225904","0.00415251","0.0121488","0.00632911","0.00669394","0.00412294"
"NGA36502","2014","0.00416509","0.00681818","0.00373972","0.00824588","0.00638858","0.00783582","0.00488171","0.00711877","0.0060675","0.00604002","0.00301205","0.00670391","0.00750751","0.00937031","0.0056391","0.0079096","0.00976709","0.0145143","0.00607441","0.0030453","0.00419847","0.00564972","0.00975244","0.00669145","0.00744048","0.00148754","0.00413223","0.00834281","0.00984848","0.00563486","0.00940911","0.00563275","0.0146948","0.0080061","0.00300075","0.00595903","0.00561377","0.00521804","0.00636228","0.0160628","0.00785047","0.0131431","0.00786812","0.00526712","0.00559701","0.0121581","0.00944109","0.00415565","0.00334946","0.0128593","0.00301545","0.00150716","0.00865312","0.00337079","0.00338473","0.00935629","0.00596347","0.00711344","0.00795153","0.00374251","0.0060652","0.00338219","0.00529501","0.00151745","0.00492051","0.00451128","0.0117069","0.00604686","0.00792453","0.00673653","0.00561167","0.00490751","0.00226586","0.0117469","0.020316","0.0105621","0.010483","0.00603774","0.00906687","0.00412758","0.00494861","0.00565185","0.0101275","0.00490937","0.00447594","0.00376081","0.000750469","0.00901917","0.00857569","0.00711344","0.0104908","0.0115715","0.00261878","0.00486163","0.00567967","0.00855973","0.0146451","0.00903614","0.00339879","0.0060629","0.00374392","0.00711078","0.00981873","0.00828002","0.00831444","0.00864987","0.0127868","0.0022531","0.0037679","0.00376506","0.0173817","0.0134831","0.00751033","0.00788584","0.0119626","0.00450958","0.00411677","0.0082243","0.00376081","0.0164185","0.00682853","0.00828313","0.0101925","0.00483631","0","0.0044843","0.00675929","0.000747664","0.0102079","0.00413068","0.00749064","0.0121766","0.00375799","0.0115628","0.00261389","0.00904636","0.00560538","0.00337079","0.0109146","0.00414469","0.0146122","0.00339239","0.00819672","0.0111899","0.00301432","0.0183796","0.0253021","0.0112655","0.0071161","0.0045283","0.00718608","0.0101964","0.00485437","0.00722433","0.0117602","0.0119805","0.00570559","0.00333828","0.00635277","0.00863688","0.00608365","0.00565824","0.00644672","0.0068156","0.00974878","0.011194","0.00639338","0.00823045","0.00337205","0.00740741","0","0.00378644","0.00372717","0.00601278","0.00150716","0.00717794","0.00909435","0.00636943","0.00597907","0.00942329","0.00226843","0.00797872","0.00224719","0.00335696","0.0117335","0.00786517","0.00150263","0.00911508","0.00678733","0.00486345","0.00860778","0.0085885","0.00413223","0.00703964","0.00263158","0.00529701","0.0132777","0.00635752","0.0060015","0.00375799"
"NGA36502","2015","0.00416036","0.00712411","0.00413068","0.00896526","0.00636943","0.00746826","0.00414157","0.0085693","0.00677456","0.00528501","0.00262566","0.00672143","0.00788288","0.00789771","0.0052691","0.00798176","0.010181","0.0137649","0.00641994","0.00341168","0.00452489","0.00677711","0.00939496","0.0066568","0.00896526","0.00149031","0.0045062","0.00834598","0.0109558","0.00642722","0.00865964","0.00566038","0.0142911","0.00800915","0.00262467","0.00635039","0.00486709","0.00521415","0.00675169","0.0156951","0.00709485","0.0131037","0.00675422","0.00525526","0.0052356","0.0129474","0.00896526","0.00415408","0.00373134","0.0128593","0.00263852","0.00113464","0.00869894","0.00375235","0.00300978","0.00977076","0.00637899","0.00638138","0.00759013","0.00375375","0.0075643","0.0037594","0.00527903","0.000378788","0.00528701","0.00447427","0.0109228","0.00601956","0.00790663","0.00637659","0.00521804","0.00641994","0.00225904","0.011738","0.0212121","0.0105303","0.0112782","0.00526712","0.00901578","0.00415879","0.00532319","0.00527903","0.0115931","0.00564334","0.00561587","0.00377216","0.000749064","0.00978916","0.00896526","0.00750751","0.0097561","0.0112275","0.00300752","0.00451128","0.00641026","0.00748783","0.0145685","0.00824588","0.003003","0.00642479","0.00299289","0.00822123","0.0109228","0.00864337","0.00794552","0.00786222","0.0127724","0.00150376","0.0037679","0.00375799","0.0163265","0.0134529","0.00676437","0.00791258","0.012406","0.00564972","0.00372439","0.0089955","0.00374111","0.0147114","0.00681818","0.00750188","0.0102157","0.00447094","0.000753296","0.00448598","0.00641994","0.000747664","0.0105621","0.00374251","0.00751597","0.0128739","0.00339879","0.0115845","0.00262861","0.0101237","0.00595238","0.00335071","0.0105303","0.00453858","0.0142857","0.00300752","0.00819672","0.012003","0.00188466","0.0146561","0.0248775","0.0120755","0.00641267","0.00416825","0.00760167","0.00906002","0.00483631","0.00718336","0.0128739","0.0134028","0.0060698","0.00260223","0.00635752","0.00826136","0.00645406","0.00639098","0.00644428","0.00682594","0.0116498","0.0119626","0.00712411","0.00791855","0.00263653","0.00779799","0","0.00377929","0.00336826","0.00638378","0.00225564","0.00681302","0.0094162","0.00598131","0.00600826","0.0105422","0.00226244","0.00683631","0.00223881","0.00373134","0.0109558","0.00748783","0.00149981","0.00878198","0.00673149","0.00561377","0.00902256","0.0101086","0.00412448","0.00782706","0.00301091","0.00490566","0.0121396","0.00670391","0.00600826","0.0037594"
"NGA36502","2016","0.00417457","0.00600826","0.00414781","0.00826757","0.00676692","0.00781832","0.00452489","0.0074184","0.00563698","0.00529101","0.00225479","0.00673905","0.00641026","0.00678989","0.00563698","0.00908747","0.00940911","0.0133432","0.00602183","0.00303145","0.00379075","0.00598802","0.00901239","0.00667904","0.0104869","0.00298285","0.00415094","0.00799695","0.00981873","0.00565398","0.0071617","0.00567967","0.0142482","0.00834281","0.00336323","0.00562641","0.00449607","0.00484352","0.00713481","0.0172478","0.0078534","0.0134983","0.00639098","0.00525328","0.00522778","0.0128788","0.00893855","0.00452318","0.00413534","0.0124247","0.00261584","0.00113336","0.00754148","0.00374392","0.00339623","0.00900225","0.00562852","0.00567322","0.00679245","0.00450958","0.00676692","0.00413068","0.00529301","0.000763068","0.00564546","0.00411061","0.0101389","0.00599027","0.0071161","0.00598355","0.00561798","0.00641994","0.00262566","0.0117114","0.0174375","0.0104948","0.0112613","0.00452318","0.00857249","0.00377216","0.00529501","0.00449102","0.0119269","0.00562852","0.00562219","0.00376223","0.00074239","0.00833333","0.00896861","0.00750469","0.00945537","0.0105066","0.00303951","0.00450281","0.00602183","0.00563063","0.0123411","0.00784167","0.00300639","0.00604002","0.00300865","0.00782414","0.011308","0.0086629","0.00754717","0.00754717","0.0120165","0.00150432","0.00339111","0.00373552","0.017094","0.0134078","0.00754432","0.00722433","0.0116673","0.0060015","0.00445269","0.00864012","0.00373413","0.0112317","0.00643939","0.00682077","0.010594","0.00483631","0.0011308","0.00410448","0.00601956","0.000747943","0.0103053","0.00335821","0.00750469","0.0117692","0.00339111","0.0111815","0.00300075","0.0105422","0.00558451","0.00373552","0.00976709","0.00417141","0.0135542","0.00299289","0.00786812","0.0123549","0.00151114","0.0135747","0.021148","0.0116805","0.00639338","0.00416509","0.00834281","0.00949487","0.00412913","0.00750751","0.0117158","0.0134128","0.00604915","0.00296626","0.00635514","0.00676437","0.0060423","0.00676183","0.00565824","0.00604002","0.0112528","0.0119314","0.00712144","0.00640784","0.00226501","0.00706582","0","0.00378358","0.00374392","0.00673401","0.00264251","0.00751315","0.0101542","0.00491122","0.00676437","0.0116018","0.0026475","0.00720516","0.00185943","0.00372578","0.0108533","0.00747943","0.00149813","0.00918133","0.00636943","0.00526712","0.00677201","0.0105621","0.00446429","0.00780379","0.00302115","0.00451128","0.0121075","0.00670641","0.00643696","0.00415408"
"NGA36502","2017","0.00416194","0.00678989","0.00412913","0.00825826","0.00638378","0.00824588","0.00453172","0.00808229","0.00561798","0.00567322","0.001514","0.00677201","0.00676946","0.00825516","0.00448934","0.00953834","0.010158","0.01305","0.00638378","0.00265252","0.00376081","0.00561798","0.00899888","0.00669643","0.0100935","0.00376081","0.00452148","0.00793651","0.010582","0.00527704","0.00755002","0.00530705","0.0143126","0.00905319","0.00299065","0.00600375","0.0045045","0.00484532","0.00636228","0.0181132","0.00754432","0.0146948","0.00635514","0.00485981","0.00525131","0.0132928","0.00818452","0.00339879","0.00412913","0.0128399","0.00224888","0.0015015","0.00752729","0.0029985","0.00413223","0.0093668","0.00567752","0.00528302","0.00717252","0.00564972","0.00602183","0.00410754","0.00492984","0.000761905","0.00598578","0.0045045","0.00971963","0.00560957","0.00600601","0.00558659","0.00600375","0.00601504","0.00263455","0.0120165","0.0151172","0.0104051","0.0105184","0.00378644","0.00826757","0.0045283","0.00567752","0.00447761","0.0107727","0.00640543","0.00487622","0.00376648","0.000371885","0.00791855","0.00861423","0.00750751","0.00944109","0.00973054","0.00303951","0.00487256","0.00565611","0.00525328","0.0123596","0.00821202","0.00260805","0.0056391","0.00302115","0.00853749","0.0105581","0.00973783","0.00788881","0.00604458","0.0112697","0.00112486","0.00376506","0.00371195","0.0175635","0.0115931","0.00717523","0.00722708","0.0101542","0.00642722","0.00334821","0.00900225","0.00374953","0.0119895","0.00720516","0.00649103","0.010594","0.00484352","0.00113122","0.00409989","0.00637899","0.000749906","0.0106504","0.00298174","0.00710812","0.0121581","0.00339111","0.0108249","0.00375375","0.0109187","0.0052356","0.00335071","0.0097269","0.00417616","0.0131926","0.00259837","0.00859813","0.0115888","0.00188466","0.0120664","0.0199398","0.0117114","0.00679245","0.00380662","0.00797267","0.0091359","0.00414469","0.00709485","0.0101887","0.0137957","0.00560119","0.00299401","0.00598131","0.00715631","0.00638618","0.00709485","0.00678733","0.00564972","0.0107647","0.0119895","0.00677711","0.00712678","0.00228137","0.00702143","0","0.00411061","0.00373692","0.00523756","0.00340265","0.00752445","0.00905319","0.00528103","0.00676946","0.0114687","0.0026616","0.00678989","0.00111111","0.00335071","0.00939144","0.00749344","0.00150319","0.00914983","0.00598355","0.00529501","0.00747664","0.0108982","0.00484713","0.00668648","0.0029985","0.00373274","0.0120983","0.00670891","0.00640784","0.00414938"
"NGA36502","2018","0.00377644","0.00642236","0.00338983","0.00677966","0.00561377","0.00787402","0.00377074","0.00703183","0.00563275","0.00565398","0.0018875","0.00714554","0.00674663","0.00713213","0.00490196","0.00952744","0.00940557","0.0126535","0.00711877","0.00302343","0.0033532","0.00633383","0.00818148","0.00636704","0.0100935","0.00374111","0.00413068","0.00760456","0.00904295","0.00567752","0.00715361","0.00567322","0.0132075","0.00906002","0.00372995","0.00566038","0.00411061","0.00525526","0.00598578","0.017636","0.00793351","0.0139098","0.00484713","0.0052691","0.00484713","0.0127868","0.00742942","0.00301432","0.00450281","0.0120709","0.00223547","0.00149198","0.00823662","0.00336826","0.00376223","0.00859813","0.0060423","0.00490751","0.00639338","0.00563275","0.00671642","0.00414157","0.00414938","0.000759013","0.00524934","0.00448263","0.0093006","0.00595017","0.0060015","0.00596125","0.00636704","0.00636704","0.00264051","0.010931","0.0129179","0.0104595","0.0113208","0.00341038","0.00639579","0.00341945","0.00527903","0.00597015","0.00927988","0.00604458","0.00492238","0.00454718","0.000371058","0.00824897","0.00933184","0.00786812","0.00948047","0.0105382","0.00264951","0.00414001","0.00636704","0.00485618","0.0116148","0.00748503","0.0026003","0.0048909","0.0029985","0.00852799","0.0109228","0.00895522","0.00635277","0.00723534","0.0116454","0.000373972","0.00341038","0.00369549","0.0187617","0.0105263","0.00714554","0.00758725","0.0093633","0.00642236","0.00372578","0.00863363","0.00411215","0.00818757","0.0071644","0.00722159","0.0109187","0.00482912","0.00111982","0.00414313","0.00676183","0.00112909","0.00986717","0.00262271","0.00825206","0.0122231","0.003386","0.0104751","0.00374532","0.0106262","0.00453515","0.00333952","0.00974513","0.00451297","0.0124905","0.00260611","0.0097269","0.0123735","0.00225225","0.011738","0.0186776","0.0113336","0.00562641","0.00420329","0.00788584","0.0102779","0.00490381","0.00785928","0.0101389","0.0130451","0.00637899","0.00299289","0.00597238","0.00676437","0.00632205","0.0067441","0.00639579","0.00564122","0.0107011","0.0127103","0.00676437","0.00711078","0.00227187","0.00630798","0","0.00524345","0.00335696","0.00486891","0.00302343","0.00750751","0.0079096","0.00526316","0.0060173","0.0115071","0.0026435","0.0068156","0.00111857","0.00334572","0.0101086","0.00673149","0.00151229","0.00948407","0.00524934","0.00489274","0.00893522","0.0109023","0.00447261","0.00636943","0.00262664","0.00486709","0.011308","0.0071028","0.00677966","0.00377786"
"NGA36502","2019","0.00379075","0.00636466","0.00340136","0.00712946","0.00598578","0.00898204","0.00339879","0.00778932","0.00522388","0.00528103","0.00150716","0.00752445","0.0059657","0.00752445","0.00528103","0.00988969","0.00829563","0.0126818","0.00712678","0.00301205","0.00333087","0.00596347","0.0070975","0.00600375","0.00977076","0.00338219","0.00372995","0.0075815","0.00870223","0.00643452","0.00751597","0.00641752","0.0127868","0.00899213","0.00337331","0.00490011","0.00373274","0.00530102","0.00563486","0.01812","0.00862392","0.0124481","0.00559493","0.00523364","0.00409683","0.0123043","0.00632676","0.00375657","0.00413378","0.0124341","0.00222469","0.00149309","0.00938791","0.00374111","0.00376081","0.0075188","0.00489827","0.00453172","0.0064006","0.00524345","0.00705533","0.00412448","0.00376648","0.00113422","0.00560748","0.00524541","0.00894855","0.00594133","0.00600375","0.00747105","0.00639579","0.00564122","0.00260805","0.01057","0.0140684","0.0104712","0.0127916","0.00265957","0.00638858","0.00418729","0.00453686","0.00557828","0.00852799","0.00641509","0.00524934","0.00375799","0.000371609","0.00821509","0.00899213","0.00708955","0.00945537","0.010989","0.00188822","0.00376506","0.00596347","0.00485437","0.00825516","0.00707635","0.00223797","0.00491308","0.00299738","0.00812108","0.0101848","0.00897196","0.00742942","0.00724085","0.0108452","0.000373413","0.00377501","0.00336574","0.0188679","0.010158","0.00672394","0.00790663","0.00904977","0.00755002","0.00412603","0.00827068","0.00410142","0.00779799","0.00679502","0.00682594","0.0116981","0.00484532","0.00150263","0.00415722","0.00819978","0.00113208","0.00945895","0.00339239","0.00793051","0.0118275","0.00411677","0.00969064","0.00374672","0.0102428","0.00451807","0.00371471","0.00930752","0.00413378","0.0113336","0.00260126","0.0108655","0.0123226","0.00225734","0.0112317","0.0160268","0.0110224","0.0060173","0.00417299","0.00825516","0.00911162","0.00493359","0.00821815","0.0100897","0.0134178","0.0055991","0.00298954","0.00639098","0.00749344","0.00630798","0.00676437","0.00602864","0.00562219","0.0118343","0.0116673","0.0071644","0.00674916","0.00228571","0.00599475","0","0.00522583","0.00410601","0.00488355","0.00303375","0.00788881","0.00794852","0.00600375","0.00674157","0.0115585","0.00338983","0.00754148","0.0011169","0.003367","0.00970511","0.00712144","0.00151114","0.00983359","0.00560119","0.00527903","0.0089955","0.0109187","0.00484171","0.00566251","0.00261976","0.00408315","0.011641","0.00750188","0.00672897","0.00376506"
"NGA36502","2020","0.00418092","0.00566893","0.00415251","0.00719424","0.00557828","0.00825206","0.00414938","0.00781832","0.0045045","0.0064006","0.00113464","0.00753296","0.00561167","0.00749625","0.00601956","0.00909091","0.00975976","0.0115499","0.00678989","0.00340008","0.00334076","0.00594796","0.0082397","0.00609524","0.00937031","0.00300865","0.00412448","0.00677456","0.00897868","0.00639819","0.00787697","0.00644428","0.0131926","0.00896861","0.00337711","0.00374392","0.00373972","0.00530906","0.00599475","0.0188324","0.00860456","0.0120664","0.00484171","0.00487805","0.00448934","0.0122585","0.00522973","0.00374953","0.00489274","0.0117692","0.00224972","0.00148644","0.0105184","0.00375094","0.00415408","0.00827379","0.00562219","0.00453001","0.00639098","0.00598578","0.00594575","0.00410908","0.00339751","0.00151803","0.00634565","0.00531309","0.00898204","0.00559076","0.00451467","0.00598578","0.00675929","0.00489274","0.00262467","0.0113422","0.0128109","0.010479","0.0112867","0.00304298","0.00600375","0.00416036","0.0045403","0.00663717","0.0093423","0.00684932","0.00449944","0.00374672","0.00037037","0.00710015","0.00861423","0.00742115","0.00945895","0.0117692","0.00186567","0.00412758","0.00596347","0.00447928","0.00714823","0.00711078","0.00225564","0.00454373","0.00298174","0.00892525","0.00978916","0.00825206","0.00814513","0.00647866","0.0123874","0.000371333","0.00376506","0.0026178","0.0179775","0.0109724","0.00708955","0.00786222","0.00897196","0.00713481","0.00414001","0.00828625","0.00373972","0.00704748","0.00754432","0.0064688","0.0116541","0.004858","0.00150716","0.00379363","0.00895857","0.00150602","0.00906002","0.00302457","0.00793951","0.0118502","0.00372439","0.0104205","0.00375516","0.00991231","0.00490196","0.00373413","0.00897196","0.0045045","0.01089","0.00259644","0.0105422","0.0115585","0.00301887","0.0104556","0.0167723","0.00982987","0.00636466","0.00414157","0.00856292","0.00870223","0.00530705","0.00903274","0.00941265","0.013468","0.00520833","0.00296736","0.0071028","0.00671642","0.00668648","0.00679245","0.00599925","0.00596792","0.0114265","0.0108982","0.00681818","0.00748783","0.00227015","0.00712678","0","0.00371471","0.00446761","0.00413223","0.00341297","0.00865312","0.00796964","0.00562852","0.00639579","0.0107567","0.00264151","0.00677201","0.000745712","0.00373552","0.00894521","0.00711078","0.00151114","0.00948047","0.00560748","0.00565611","0.0101086","0.0116761","0.00487256","0.00565824","0.00262369","0.00485618","0.0116323","0.00792453","0.0063244","0.00414469"
"NGA36502","2021","0.00416036","0.00678733","0.00339239","0.00755572","0.00559076","0.0071617","0.00339751","0.00897868","0.0045045","0.00642722","0.00113422","0.00715631","0.00673149","0.00749906","0.00639098","0.00981873","0.0101351","0.0108452","0.00716711","0.00301659","0.00332226","0.00670141","0.00782998","0.0064836","0.0104439","0.00263257","0.00373692","0.00672897","0.00894521","0.00677966","0.00826757","0.00529902","0.0133181","0.00965466","0.00338855","0.0026178","0.00411215","0.0060698","0.00596125","0.0199248","0.00900901","0.0116937","0.00409989","0.00412758","0.00414001","0.0118782","0.00564546","0.00298507","0.0063742","0.010989","0.00225394","0.00186289","0.0104712","0.0037679","0.00414157","0.00868908","0.0060015","0.00523364","0.00637181","0.0056243","0.00635514","0.00372301","0.00339879","0.00188822","0.00635514","0.00603774","0.00937031","0.00597684","0.00413378","0.0060241","0.0063742","0.00604686","0.0029985","0.0109932","0.0120256","0.0108736","0.010574","0.00188822","0.00645161","0.00340265","0.00413378","0.00665188","0.00978547","0.00726022","0.00448598","0.00337079","0.000374111","0.0070632","0.00824588","0.00746547","0.00862716","0.0113593","0.0018423","0.00414938","0.00595238","0.00523364","0.00792453","0.0082243","0.00187126","0.00455408","0.00298174","0.00894855","0.00937031","0.00785047","0.00816327","0.0060241","0.0116761","0.000369822","0.00377216","0.00224719","0.0183796","0.0102118","0.00819062","0.00895188","0.00786812","0.00675929","0.00377074","0.00864662","0.00374251","0.00597238","0.00715092","0.00605831","0.0116105","0.00524148","0.00150376","0.00418569","0.00895522","0.00188041","0.00937734","0.00340265","0.0075959","0.0106343","0.00372856","0.00937734","0.00448766","0.00990854","0.0045403","0.00373552","0.00852799","0.00448096","0.00978547","0.00259837","0.0105145","0.0123874","0.00299289","0.0108249","0.0148368","0.0094518","0.00597684","0.00376081","0.00929368","0.00908747","0.00568613","0.00867597","0.00978547","0.0131628","0.00446429","0.00259067","0.00707635","0.00597461","0.00747943","0.0075815","0.00600826","0.0059546","0.0107011","0.01059","0.00605373","0.00937031","0.00304878","0.00749064","0","0.00371333","0.00449102","0.00487439","0.00301773","0.00720243","0.00833333","0.00595903","0.00644428","0.0104595","0.00225819","0.00716981","0.000743771","0.00410908","0.00865312","0.00671391","0.00189322","0.00940911","0.00520833","0.00599251","0.0101275","0.0112108","0.00490011","0.00604002","0.00261682","0.00409989","0.0120437","0.00866943","0.00554939","0.00376364"
"NGA36502","2022","0.00374111","0.00828002","0.00302001","0.00756144","0.00559493","0.00751315","0.00417299","0.00714286","0.00526316","0.00674663","0.000752729","0.00712411","0.00602183","0.00753012","0.00748783","0.0104595","0.00944465","0.0104712","0.00751315","0.00299513","0.00335196","0.00670891","0.0093006","0.0069151","0.0108452","0.00262861","0.00410142","0.00637181","0.00858529","0.00636704","0.00755002","0.00641267","0.0135747","0.0100484","0.00376081","0.00224803","0.00410908","0.00453515","0.00597461","0.0206147","0.00937031","0.0116805","0.00410601","0.00412758","0.00374813","0.0111607","0.00563698","0.00297287","0.00598355","0.0110057","0.00262566","0.00185943","0.0124247","0.00413689","0.00376081","0.00868252","0.0064006","0.00562641","0.00595903","0.0052356","0.00523952","0.00373413","0.00374813","0.00150773","0.00641752","0.00638378","0.00982244","0.00596347","0.00523169","0.00642965","0.00673653","0.0060698","0.0033557","0.0114329","0.0116366","0.00977444","0.0117558","0.00187266","0.00640543","0.0030326","0.00489827","0.0074129","0.00790365","0.00647619","0.00448766","0.00338092","0.00112066","0.00669892","0.00825206","0.00783875","0.00903955","0.0117826","0.00184298","0.00412913","0.00520253","0.00597684","0.00752729","0.00789177","0.0015083","0.00495616","0.00372717","0.00824279","0.00899888","0.00672394","0.00894855","0.0060423","0.0123967","0.000369276","0.00491679","0.0018797","0.0173193","0.00908059","0.00896526","0.0089153","0.0067441","0.00672897","0.00302229","0.00826136","0.00411523","0.00743494","0.00785634","0.00530102","0.0101351","0.00524148","0.00150716","0.00380807","0.00900225","0.00225989","0.00901917","0.00341426","0.00722159","0.0114025","0.0029873","0.00862392","0.00449944","0.00879541","0.00531511","0.00336574","0.00815419","0.00411215","0.0104517","0.00260999","0.0105501","0.0117025","0.0029873","0.00970511","0.0143911","0.00974513","0.00601052","0.00373134","0.00890208","0.00940557","0.00566893","0.00831758","0.00832387","0.012806","0.00484894","0.00260514","0.00671892","0.004858","0.00785047","0.00801833","0.00636228","0.00560538","0.0104205","0.0101733","0.00562852","0.00826757","0.00342596","0.00752445","0.000372717","0.00374672","0.0044927","0.00451128","0.00225394","0.00718336","0.00938438","0.00561798","0.00679502","0.0105184","0.00149925","0.00757289","0.000373692","0.00412294","0.00974513","0.00670891","0.00188182","0.00871542","0.00482912","0.00598802","0.00938438","0.0122905","0.00488906","0.00641752","0.00261097","0.00373972","0.0112275","0.0086727","0.00593692","0.00377644"
"NGA36502","2023","0.00375799","0.00753296","0.00301773","0.00792154","0.00598355","0.00676946","0.00492051","0.00678477","0.00564334","0.00675422","0.000753012","0.00639098","0.00646142","0.00713213","0.00672646","0.0100148","0.00871873","0.0112909","0.00711877","0.00262664","0.00298619","0.00633147","0.0100521","0.00728807","0.0108169","0.0018875","0.00373413","0.00594796","0.00863039","0.00638138","0.00715901","0.00640543","0.0146948","0.0099889","0.00377929","0.00187126","0.00487256","0.00487988","0.00599925","0.0195931","0.00979284","0.0109807","0.00372856","0.00448598","0.00450789","0.0100596","0.00567108","0.00261194","0.00636704","0.0109434","0.00225056","0.00185736","0.0116541","0.00339111","0.00487988","0.00874857","0.00676183","0.00486345","0.00558867","0.0048909","0.0048909","0.00372301","0.00374532","0.0018875","0.00714554","0.00678733","0.00945895","0.00601052","0.004858","0.00682853","0.0071161","0.00603774","0.00261878","0.0112824","0.0108411","0.0102041","0.0117158","0.00186846","0.00642965","0.00302343","0.00529501","0.00884304","0.00636704","0.00603774","0.00446595","0.00336072","0.00112066","0.00713213","0.00861423","0.00750188","0.00865638","0.0110057","0.00185874","0.00412448","0.00520833","0.00562641","0.00754717","0.00864337","0.00151114","0.00458365","0.0033557","0.00823353","0.00790068","0.00638858","0.00937383","0.00715631","0.0123503","0.000371609","0.00489458","0.00263059","0.013936","0.01057","0.00897196","0.0093214","0.00675422","0.00638618","0.0026465","0.00787106","0.00451637","0.00745712","0.00860135","0.00568613","0.0112613","0.00486891","0.0022633","0.00340393","0.00822737","0.00226929","0.00946611","0.00343643","0.00718608","0.0113895","0.00299738","0.00824897","0.00415408","0.00876524","0.00490751","0.003003","0.00778932","0.00411831","0.0104869","0.00223797","0.0104712","0.0117513","0.00262074","0.00937031","0.0126066","0.0093214","0.00566893","0.00335445","0.00929714","0.00752729","0.00489642","0.00825516","0.00797267","0.0123967","0.0055638","0.00223881","0.0067441","0.00525526","0.00825206","0.00870223","0.00636704","0.00558451","0.0104987","0.010594","0.00603546","0.00827068","0.00342205","0.00715361","0.000749625","0.00374111","0.00449438","0.00413223","0.00226159","0.00714823","0.00934929","0.00560748","0.00679245","0.00974513","0.00149477","0.00677201","0.000373832","0.00449102","0.00900901","0.0059546","0.00188182","0.0091047","0.00519095","0.00601504","0.00897196","0.0118959","0.00524541","0.0060241","0.00259355","0.00372856","0.0112444","0.00791557","0.00637181","0.00376648"
"NGA36502","2024","0.00377501","0.00796662","0.00302343","0.00715092","0.00595017","0.0079096","0.00492238","0.00752445","0.00487988","0.00639098","0.000749906","0.00637899","0.00612557","0.00712678","0.00597238","0.0100186","0.0082925","0.00938438","0.00787697","0.00338092","0.00298619","0.00558659","0.00965466","0.00647372","0.00969787","0.00225479","0.00337079","0.00484894","0.00934579","0.0063742","0.00638378","0.0064006","0.0146837","0.00966543","0.00377501","0.00224299","0.00413068","0.00559701","0.00599475","0.0195636","0.00902595","0.0105541","0.00412913","0.00339367","0.00413223","0.0111899","0.00527903","0.00260417","0.00633147","0.011325","0.00224635","0.00185874","0.0112317","0.00376932","0.00450281","0.00984848","0.00714017","0.00638378","0.00557414","0.00564972","0.00529701","0.00336449","0.00372439","0.00226929","0.00712411","0.00714554","0.00947688","0.00564972","0.00484532","0.0072381","0.00712946","0.00640543","0.0022531","0.0108452","0.0104244","0.0102157","0.0109517","0.00186986","0.00605373","0.00300978","0.00487074","0.00778354","0.00643939","0.0060241","0.00446429","0.00412448","0.00148478","0.00641026","0.00860135","0.00712946","0.00906687","0.0102311","0.0018546","0.00374392","0.0052356","0.00488722","0.00829563","0.00832702","0.001514","0.00456969","0.00372024","0.00945895","0.00782998","0.0060015","0.00899213","0.00678989","0.0112782","0.000373274","0.00455581","0.0022363","0.0127676","0.0112994","0.00940557","0.00974878","0.00674916","0.00712678","0.00302572","0.00821815","0.0045062","0.00787402","0.0078125","0.00494861","0.0107927","0.00413378","0.00187758","0.00412139","0.00860778","0.00225734","0.0101695","0.00342466","0.0075358","0.0117513","0.00264051","0.00826446","0.00453001","0.00871873","0.00490937","0.00300526","0.00925583","0.00374251","0.0093985","0.00260223","0.0112402","0.0117424","0.00337205","0.00902935","0.0127055","0.00963677","0.00529701","0.00336826","0.00968703","0.00751597","0.00452318","0.00791258","0.00795756","0.0120573","0.0059657","0.00260514","0.00669145","0.00488906","0.00718608","0.00868908","0.00746826","0.00521027","0.0101695","0.00944465","0.00676692","0.0083113","0.00342596","0.00675422","0.0011215","0.00377216","0.00376364","0.00450789","0.00226843","0.00748223","0.00893522","0.00524345","0.00608365","0.00974878","0.0014881","0.00677456","0.000374532","0.00373692","0.00787697","0.00591279","0.00188608","0.00864987","0.00519481","0.00562852","0.00975976","0.0115199","0.00561587","0.00561167","0.00262074","0.00374953","0.0104673","0.0070975","0.00714286","0.00302115"
"NGA36502","2025","0.00376223","0.00753864","0.0026296","0.00711344","0.00632205","0.00828937","0.00491122","0.00788584","0.00487439","0.00634092","0.000754432","0.00636466","0.00611855","0.00716981","0.00630798","0.00929023","0.00756144","0.0094162","0.00751033","0.00376648","0.00335946","0.00559076","0.00929023","0.00681818","0.0100859","0.00337965","0.00302457","0.00563275","0.00979284","0.00525131","0.00565185","0.00557","0.0153731","0.00965825","0.00378788","0.00301432","0.00410601","0.00595681","0.00528103","0.0196449","0.0097561","0.0109973","0.00375799","0.0052592","0.00337079","0.0104556","0.00563486","0.00260611","0.00821815","0.01057","0.00185943","0.00224299","0.0119537","0.003386","0.00449944","0.0094697","0.00751597","0.00599475","0.00630096","0.00528501","0.00569476","0.00337458","0.00408618","0.0022633","0.00677201","0.00673401","0.0094518","0.00526316","0.00520446","0.00722433","0.0071028","0.00751033","0.00223464","0.0116323","0.00929714","0.010598","0.0105263","0.00186498","0.00716711","0.00337584","0.00487439","0.00711078","0.00527108","0.00674916","0.00445104","0.00372301","0.0014881","0.00714554","0.00825516","0.00787697","0.0090978","0.010566","0.00111193","0.00374392","0.00561167","0.00415722","0.00863039","0.00948047","0.00151114","0.00415879","0.00335071","0.00907716","0.00898876","0.00636704","0.00900563","0.00603091","0.0120256","0.000374392","0.00420008","0.00223964","0.0135644","0.0105461","0.00944822","0.00897532","0.00677966","0.00714554","0.00300865","0.00785047","0.00488355","0.00864662","0.00780089","0.00530504","0.0104205","0.00338728","0.00187477","0.00410754","0.00893855","0.00226757","0.010594","0.00266972","0.00751033","0.0113593","0.00340651","0.00751597","0.00489642","0.00980023","0.0037679","0.00300413","0.00923873","0.00337205","0.0101124","0.00297508","0.0111524","0.0102584","0.00224048","0.00937031","0.0131037","0.00971963","0.00527307","0.00338346","0.0108655","0.00867597","0.00414938","0.00746269","0.00941974","0.012012","0.00595017","0.00186916","0.00705009","0.00529902","0.00681818","0.00864337","0.00821509","0.0052161","0.0102545","0.0109105","0.00675929","0.00865964","0.00419527","0.00674157","0.00112444","0.00377074","0.00376223","0.00489274","0.00225904","0.00779799","0.00935279","0.00484352","0.00565611","0.00939496","0.00147874","0.00639819","0.000377074","0.00409989","0.00713481","0.00670641","0.00187547","0.00899888","0.00595903","0.00562641","0.00976342","0.0122631","0.00564546","0.00561167","0.00261292","0.00449944","0.0108209","0.00747664","0.00756716","0.00376223"
"NGA36502","2026","0.00413378","0.00831758","0.00336323","0.0070975","0.00634565","0.00788288","0.00564334","0.00898204","0.00524738","0.00557207","0.0011308","0.00599475","0.00652591","0.00792154","0.00668648","0.00819978","0.00793051","0.00980762","0.00750469","0.00338473","0.00372578","0.00484532","0.00896526","0.00639579","0.00902256","0.00452659","0.00302916","0.00452489","0.0090978","0.00527704","0.00489458","0.0052064","0.0141002","0.0085693","0.00377358","0.00412294","0.00337458","0.0055991","0.00493171","0.0209364","0.0111732","0.0116937","0.00411985","0.00529501","0.00372024","0.0115758","0.00563486","0.00260126","0.00712411","0.0105422","0.00185805","0.00224551","0.0116981","0.00337838","0.00451637","0.00834281","0.00678733","0.00636466","0.0063244","0.00525723","0.0045489","0.003003","0.00370233","0.00189394","0.00637181","0.00713213","0.00944822","0.00528901","0.00595681","0.00755572","0.00748783","0.00790365","0.00223964","0.011976","0.00972326","0.011325","0.0111982","0.00149589","0.00639338","0.00336952","0.00523364","0.00715631","0.00336826","0.0070975","0.00444444","0.00409531","0.00149309","0.00752729","0.00675929","0.00746547","0.010574","0.0093985","0.00112317","0.00449102","0.00488171","0.00567537","0.00823353","0.00987092","0.00190114","0.00341038","0.00372717","0.00982615","0.00899213","0.0071161","0.00935279","0.00604002","0.0112402","0.000373832","0.00414938","0.00262172","0.0151918","0.0101925","0.00945537","0.00855337","0.00602864","0.00637899","0.00339367","0.00747943","0.00488722","0.00825516","0.00785047","0.00491493","0.0100822","0.00453686","0.00188182","0.00448766","0.00970874","0.00225904","0.0116893","0.00304646","0.00823662","0.0109023","0.00303951","0.00788881","0.00489458","0.00937031","0.00414781","0.0026178","0.00820896","0.00339495","0.00857889","0.00298063","0.0115242","0.010598","0.00261097","0.00863039","0.0138629","0.0100484","0.00528901","0.00261682","0.011236","0.00829876","0.00374532","0.00748223","0.0101887","0.0119269","0.00593032","0.00149757","0.00667161","0.00531713","0.00674157","0.00858209","0.00748223","0.00487988","0.0106343","0.0094304","0.00559701","0.00864662","0.00379939","0.00600375","0.00112655","0.00416667","0.00338473","0.00451807","0.00226843","0.0077634","0.00893189","0.00563486","0.00487622","0.00904977","0.00148038","0.00711344","0.000380662","0.00448263","0.0067441","0.00711877","0.00224635","0.010101","0.00670141","0.00563698","0.00938438","0.0112066","0.00563698","0.00563486","0.0026032","0.00378644","0.0110865","0.00712678","0.00792453","0.00264251"
